heap profile: 5: 598016 [5: 598016] @ heap/1048576
2: 327680 [2: 327680] @ 0x5581 0x88bce 0x9a6f3 0x87013 0x5db81
1: 98304 [1: 98304] @ 0x5581 0x85bcb 0x8563a 0x90e68 0x991df 0x76a2a 0x77248 0x5db81
1: 98304 [1: 98304] @ 0x5581 0x85c04 0x8563a 0x90e68 0x991df 0x76a2a 0x77248 0x5db81
1: 73728 [1: 73728] @ 0x5581 0x85b92 0x8563a 0x90e68 0x991df 0x76a2a 0x77248 0x5db81

# runtime.MemStats
# Alloc = 4579680
# TotalAlloc = 4996488
# Sys = 12720440
# Lookups = 46
# Mallocs = 9849
# Frees = 3708
# HeapAlloc = 4579680
# HeapSys = 5472256
# HeapIdle = 401408
# HeapInuse = 5070848
# HeapReleased = 0
# HeapObjects = 6141
# Stack = 819200 / 819200
# MSpan = 31040 / 32768
# MCache = 4800 / 16384
# BuckHashSys = 1443592
# NextGC = 8552625
# PauseNs = [285485 261952 1139745 963359 977184 1186285 0 0 0 0 0 0 0 0 0 0 0 0 0 0 0 0 0 0 0 0 0 0 0 0 0 0 0 0 0 0 0 0 0 0 0 0 0 0 0 0 0 0 0 0 0 0 0 0 0 0 0 0 0 0 0 0 0 0 0 0 0 0 0 0 0 0 0 0 0 0 0 0 0 0 0 0 0 0 0 0 0 0 0 0 0 0 0 0 0 0 0 0 0 0 0 0 0 0 0 0 0 0 0 0 0 0 0 0 0 0 0 0 0 0 0 0 0 0 0 0 0 0 0 0 0 0 0 0 0 0 0 0 0 0 0 0 0 0 0 0 0 0 0 0 0 0 0 0 0 0 0 0 0 0 0 0 0 0 0 0 0 0 0 0 0 0 0 0 0 0 0 0 0 0 0 0 0 0 0 0 0 0 0 0 0 0 0 0 0 0 0 0 0 0 0 0 0 0 0 0 0 0 0 0 0 0 0 0 0 0 0 0 0 0 0 0 0 0 0 0 0 0 0 0 0 0 0 0 0 0 0 0 0 0 0 0 0 0 0 0 0 0 0 0 0 0 0 0 0 0]
# NumGC = 6
# DebugGC = false
